993
887
636
916
372
336
95
493
333
49
836
198
96
60
764
927
720
484
113
146
212
158
33
473
783
593
863
448
447
191
106
123
884
428
169
168
753
457
28
38
768
639
502
456
785
538
40
781
316
334
449
537
126
844
629
329
27
560
997
779
53
926
269
223
337
506
847
156
314
858
125
743
42
732
694
368
435
365
920
751
46
258
25
179
613
585
910
30
701
400
723
306
677
181
99
296
227
575
347
658
589
571
77
379
468
666
587
256
318
399
653
757
302
281
846
618
401
145
445
620
221
188
856
690
58
434
562
528
211
928
725
864
498
249
382
966
782
263
220
381
529
872
324
197
176
737
271
303
709
624
338
262
103
703
897
213
67
120
922
793
380
489
765
286
842
351
194
501
520
163
107
832
170
609
744
492
111
481
860
84
433
886
438
139
389
408
475
29
183
833
509
238
236
5
819
898
656
559
929
881
777
405
395
15
786
102
257
655
905
78
109
817
370
918
545
219
48
719
332
164
491
500
355
734
838
936
746
625
6
787
670
854
345
596
767
708
663
24
483
612
623
829
300
344
294
569
151
423
410
425
736
802
662
692
862
378
321
20
266
392
264
259
73
417
283
119
54
638
85
949
699
394
801
375
554
551
469
896
987
857
882
565
934
996
564
911
530
982
274
581
534
150
519
669
705
691
877
894
437
237
933
322
377
18
137
903
446
112
418
242
127
413
304
988
172
422
65
710
343
588
607
97
714
373
800
679
391
600
696
209
940
812
941
412
825
804
76
47
157
83
496
645
86
479
397
809
707
292
814
973
231
851
626
386
773
555
641
10
64
323
715
295
525
251
195
807
327
512
975
246
995
794
275
770
900
674
828
454
165
761
580
885
999
539
622
131
524
205
100
89
388
627
945
202
37
507
45
369
816
869
141
396
873
460
255
499
272
82
754
312
233
668
511
649
443
311
134
603
143
200
36
892
63
798
811
510
424
766
750
478
731
185
687
142
797
576
121
939
592
122
976
461
891
788
116
406
68
124
414
749
557
108
795
698
700
79
43
735
578
590
421
682
240
206
556
716
536
98
659
693
34
135
7
630
371
965
4
133
584
550
366
901
349
284
950
739
254
875
313
101
924
385
144
599
867
921
542
570
827
340
466
358
789
738
430
762
544
419
362
991
436
487
547
39
13
260
635
171
756
70
1
364
780
505
796
923
727
50
984
532
579
553
855
960
463
971
651
516
632
604
35
628
261
470
214
247
678
301
354
955
611
114
721
161
74
488
621
772
19
834
752
567
771
224
174
245
182
523
850
605
938
52
175
376
688
784
56
818
577
268
160
972
315
914
758
660
317
289
517
93
104
452
531
986
815
415
450
462
820
522
601
455
566
870
704
196
241
273
132
848
958
648
495
494
128
792
518
442
297
597
946
932
948
952
277
398
88
741
957
930
740
61
190
729
634
458
270
177
153
41
791
350
471
130
298
57
813
733
978
686
527
775
228
695
841
760
17
969
543
912
472
728
356
985
210
602
661
187
747
712
806
935
610
201
956
162
909
748
383
919
671
883
907
490
718
87
22
451
482
962
676
129
2
595
75
360
309
326
826
776
755
647
711
293
136
427
526
508
890
431
717
944
615
722
3
110
724
173
573
837
871
874
942
799
23
81
282
951
665
474
790
546
805
852
681
279
90
12
216
387
429
959
485
441
968
66
204
808
439
288
117
664
407
675
563
574
689
248
947
830
535
217
147
339
69
59
514
230
895
583
843
831
328
299
913
9
979
967
572
239
325
267
232
943
222
614
184
853
359
515
561
974
234
149
167
983
374
821
189
685
453
803
619
480
822
980
367
769
915
713
244
643
44
865
178
305
908
291
11
582
215
964
348
937
706
878
992
533
319
166
92
186
420
889
346
363
541
342
8
203
384
861
839
981
633
287
357
990
411
730
154
726
159
331
759
252
931
80
94
697
906
879
673
280
148
876
683
552
845
840
192
558
138
868
989
390
16
763
640
548
432
970
467
568
105
26
835
657
55
684
961
1000
680
598
654
810
32
51
193
440
91
994
644
925
667
155
823
308
320
404
953
14
426
140
586
229
866
849
963
631
917
594
702
218
307
503
899
353
31
341
608
476
888
409
617
591
265
521
859
637
650
880
290
646
745
71
352
21
250
278
330
152
225
243
403
416
672
893
444
226
465
977
115
402
504
652
62
540
393
207
477
335
486
606
310
361
276
497
72
778
904
459
742
954
824
118
616
235
642
774
253
180
208
464
998
513
549
285
902
199

