383
886
777
535629127093606261879202375922897361293194784503610632061554765693745254744307868843149206892664950487172722610615949091771159776736563948129390885096385611598481030444476317596217857
418597538831896433386048889776430309254059469224775481289368021051108506462586284724062990813110340391969338056640046267569872829960276132159914910758704804296104222055290283804091962
544993605029435174314694226412889288868383338047689068790333732652658796041048708624793928301789154925749945935708199782534902019621207311905677406474858260664628960701013772645202909
945103788604676097597853383793787419098858437138097993243712202175174171117040851662196480810229756463797491706085394154155498385222703463633443972589024765713338510876350804113593415
083565990763761506508122691042740328037003492742524438608922318342245175716981333798670484816852199606499089314896773712215090401374113032175654221724165785927364797221630215650034660
2589506083782105855073823077769119089880370692177976271588456568488387524505732721349

